8404
1059340392
615329348
316110714
79826071
590415594
1244455005
803372190
427990138
631531072
508240071
830516561
241144870
488802087
257558729
107907697
224485424
105837106
624991569
858069937
151290370
176370237
694681806
330301274
69564799
372769121
591236239
415286163
1240144526
91276175
56282774
1364824996
706920996
342473245
32192802
553070758
242303261
434841462
551487252
407340768
346335697
452879508
1278876432
961218520
759059998
317477186
1132636617
1306067961
445320817
720384502
824535602
463248339
506158936
1219751475
398233271
956835085
1238838750
894336291
230348832
1332447517
1166237104
87836328
325847792
670935438
520016713
952600306
290610235
591337941
122525971
221462154
1115589544
523719024
1283316239
25599595
779199589
303524741
509137489
592294064
311262120
60301818
320850654
1011941895
20879895
480019161
1194857295
1353327769
864447009
158990394
1271408831
126242901
723430611
175545984
1144798916
698249066
86468224
158394084
1095234171
367215886
637698228
21497427
502417905
1371148874
28833526
105966996
634821841
141308863
496182236
57114670
80769404
44691048
44064635
612998130
32832431
618835282
667100948
252435021
784118714
1339754263
961003099
759146003
5735450
548665485
888841657
336048293
178582701
663279194
279195142
602741607
945756794
823281622
1257480886
629218524
1305824069
643408620
949611370
1399760974
919881523
380977457
911122299
135397115
471987430
341679780
368523220
554985757
155434890
960337983
902981074
976728583
116602586
700127089
938794873
716791911
694907508
1363081717
244881699
979845356
64306426
645502244
895362927
88827578
678940650
838633059
189553958
1266484100
2668331
336412964
822136023
778111192
741517692
1401157450
672087520
1237395568
69684321
326214891
509367905
908236288
470581861
397199194
387760400
5712038
242934429
122496437
635464971
276040987
265249059
533590544
435994565
230455384
910279424
845257052
553783366
1155562181
420838676
808330369
526446925
390106624
883214576
217561771
223855902
32107987
435806602
1273269179
106508822
93051114
583724894
391110786
288054286
865227568
100243075
998489845
969715278
1161451478
677927481
365887478
1328521843
541860779
561232171
525406737
212303492
857192213
428320379
744245666
875951568
441122681
65732733
842534813
346528535
1373800843
175933832
93136015
944345618
187078600
380526712
376437067
547188357
1270534604
214432088
476771717
490761551
89830521
29465890
428443860
281566732
236443505
291789603
101197547
1341418617
655391070
43995423
524187098
184863770
251061576
686288183
939808858
1253451140
391636312
612152446
910740932
767380621
473432573
334645787
1372325881
440746103
660743416
1306441624
22183889
566897056
733772176
196575397
203699528
180281543
82399655
982709163
422914250
157236649
1255857540
874572719
17154236
576628094
1264616826
1124389979
333624199
653294154
527057521
35357708
758008119
942574902
1128060735
1390363056
1379086511
92029282
737812228
702384279
240394885
345619788
693343230
722753614
473498373
1343887549
551695163
821025583
619893518
831489085
734656212
684263949
843594202
552851810
614129025
1184363633
461553612
628969345
31764970
523250909
208295797
36914706
220667043
625198301
1239436428
97691115
1265740753
493833704
913366634
45830914
488338246
582647512
197116632
573550154
516464751
1089863249
437824437
269983795
1125456745
95985731
440037279
75831418
689858879
517269731
360137955
422206116
920341231
998719100
252531681
785406966
68608081
600361961
876636616
488838054
980297676
979052577
285622517
158882701
420899269
773082736
266685466
1147554549
875986948
79243802
29105340
922196601
966867927
354389465
24970808
512240879
350910946
794161750
333291
284169940
58728346
435392683
36833926
460923281
783160947
852059623
418208661
749402199
695429738
715540232
854434861
421006962
203849878
706821964
471811668
156004084
689810305
396398357
57885921
829178072
79517803
594089890
11451504
247422003
222223991
500969000
689895825
491274649
966192586
531659490
1004484796
359181475
250605596
1066418058
463514781
701893862
817223952
735866669
1310330702
1265971342
153041008
45492113
212273823
957281965
843762510
1357262114
62142058
1321159203
150909457
904024676
469431754
341027187
1140294201
969742494
72378132
106133122
634188992
835454770
734601095
188841216
1179469472
63443878
1237764861
768995838
958376947
502648009
945895795
910565774
658614589
868387178
208648801
274716231
251947664
131066762
35453598
335360685
380620302
846275210
604393744
637761988
440628841
350414025
44188230
50208551
600185953
1322319581
368847551
1220019026
430359837
250661847
917477955
1398590427
296697857
324587641
1217621340
546416346
253123377
1322324656
68137344
719974756
529100050
769361450
1232888046
668069896
731133521
869439486
341499492
189077288
400850023
122670333
530918047
755149639
1248620991
630864800
835509060
749737656
905653716
47431031
701473562
217479738
790350165
777881550
757922098
1209142102
874120036
44563140
398918216
806315082
141967564
1131464991
332537080
670714646
563679148
534897665
1017700501
709368926
469770900
841460458
583406973
9292432
847300530
317616457
409028015
346691934
753700666
1273837751
831366316
187517281
267853235
6827736
819448133
1125807619
771877262
604599212
965205022
1347265698
428694132
74788364
632486781
998829690
720174894
536530302
49524774
1400898962
201567728
706365132
349343260
260669137
941150663
888243936
489045583
20210729
843902873
1288860354
1364657609
25264732
867012476
1275731402
875591507
518291167
346930289
136871416
325519318
385811725
685529131
824417238
25778996
1061909187
916687364
370367330
7298381
458553398
998734657
55881263
719558047
285560456
1038468637
354574835
988720457
601945691
431754396
159028892
1151505763
183278394
1195437811
438885606
1317354490
943505697
33659120
186009848
330654125
61625214
720960092
700645677
19658621
1361819466
11961152
368786582
88734156
1403770078
432630745
591556633
780916063
809982971
1210787713
847726459
901190148
89336820
966921662
1343540003
701486814
5216318
716705724
990525385
1031949351
638658101
338124761
36470947
409803276
304261062
590986789
948420517
394083534
451647133
963502529
1031934763
718186160
230591381
256949237
82650364
895034089
897763946
902444982
616936240
247193538
100197478
278361678
99507259
963478423
957295899
918
158279884
744540652
26582288
970535354
465328009
254088354
171833895
468171771
846773523
1290115017
173172841
986110101
717422957
279932512
1132849567
65415247
183016832
1244444915
768252793
150631201
1121013455
903678418
51801088
86924603
358387868
58135466
348665545
137556786
501788053
473785392
851928135
521464587
467296599
643895449
987228955
55013700
496703273
979639767
222454917
746400850
817898926
954530237
671968020
31190701
366408836
556552818
692988485
276492369
928318724
349354646
216326880
767687505
1189359370
780435024
546669747
801308578
242775088
90056290
531813352
1079148670
777932825
965377091
159365653
292396373
466788745
204781752
658967002
792782882
425998493
526797337
1121074867
394098498
897503596
816666865
857707000
735980800
50428039
474812207
682412231
136856374
91396853
411023082
940598332
1209986114
671922857
736675080
639004415
955132580
970089468
105108811
271246071
652070831
419436817
1167823870
63842829
546203344
1104854558
822237275
668621649
843666390
87263484
1360417212
29826596
678263397
26964006
434748785
349415818
463375645
1222615639
843945392
20954404
605610459
711091027
1085252412
789037309
558756937
148612249
289380151
77343935
411950617
327050223
1076093888
1276028820
120417573
975121438
781725700
289930688
359560806
390150468
342052151
787823262
839421633
451053232
496857950
383481624
848835239
660262584
1313798772
672120423
107164451
591624363
606127364
707025057
1045005488
528091799
797324015
327413474
392871590
536999755
882547459
1299768472
635876093
394261429
311007547
768743021
785282568
134695485
1196877883
840923315
876625695
603162704
904833244
881015201
467359033
537369033
1005367734
417861658
443365745
1037884305
287437912
419145287
607263013
295385995
1373367561
270978623
276560109
1378066018
230576763
799869781
336873459
794107439
359187767
559318916
881462207
408039138
593760800
1347256980
127465843
995273929
261577050
82743821
106841507
822646665
1108395531
537879165
1109528408
702180174
449699485
1107648222
1347615951
1288411280
27576288
745382303
341710610
276952125
569128903
393267848
1212391163
56840955
104486949
1296208596
269790279
192685416
345271690
1191227635
473826262
783798155
825526423
785998762
826327988
6757718
921941050
423754525
301650779
438881444
770042027
221255794
777842484
189344101
1252432483
875698960
161398080
94118524
742314051
949722760
517415121
557601531
748965970
1266526760
1061226885
897950636
959083731
1240280613
201778792
191690103
399673446
845172144
606200911
1282560000
183489007
467848842
143226956
91935607
80113614
396101531
675770021
158117477
650039821
933503423
159110403
550858317
1173494878
99424463
86542650
198055518
363737732
175263383
463453527
470771299
15385109
242660681
215275799
269383255
938183307
932670460
426730179
879610570
197261168
1070509734
1160114033
1320928590
843467858
1143288071
278800801
142486181
1137364533
978236051
442730728
627030819
445598461
952661245
106716327
820524165
174668069
877203132
558037384
1102070865
589929730
219297387
924789524
162853296
250602814
500871091
773890299
348673127
1295950764
1111048922
647150435
255206997
162022706
292023146
285372084
753949655
988335565
805292466
464638389
106815943
756423788
941041324
867245019
146362979
802863753
345621669
456307702
569041361
91906712
127415921
1268223855
959594341
121375047
180280494
210263434
166087897
485452479
782714629
903443107
917790099
699262434
407084394
514709458
1156169101
116798809
1018516073
499139517
962422579
1244035100
1027619828
46070901
816099297
401018410
255759730
701327418
1177494407
236247237
205899514
957519120
43591360
36584200
511263088
663623215
844996513
853339843
298832613
163165566
645222014
1110897715
516179684
740053933
969771867
967184223
769523508
314324923
1380060123
36302718
471717387
624516362
676314077
600131035
987948605
382739483
108648087
236454928
407442022
450006304
352975843
232189656
502922001
322634384
1243446938
279765291
1019512959
178304797
886414347
856642089
436725643
93312219
1086010985
415048550
795481124
1090973644
237586031
733539784
613789712
458310091
730493488
852603952
393211229
282789653
411167161
433562744
662882820
291165366
652508233
544359047
418571185
837252964
804644449
1104874044
766279060
664747548
72328020
767219578
943160789
238753823
86159470
1201297838
194219732
230094407
140550479
308683026
536698843
239049688
28493396
607397767
51203181
808192881
604719730
542720016
350793395
1029709186
741919299
820719007
129373262
537137089
400915688
1283309819
152858861
6413340
364029975
801745602
305257964
363713183
153238624
800797210
476106232
928511264
437280483
523131470
238391110
726785857
897734251
741952657
509686307
361613131
184573892
151810714
847704234
186038281
624486521
397586514
758437109
848450101
547014825
302698088
924338988
1016007613
917199053
721744953
369771321
748483286
92799219
985377212
910593409
56816882
253218635
350683062
215974976
357510326
983051935
1050572407
583194575
170626470
678631058
432487026
702387316
624511595
358645200
167207137
315761850
167438071
937843411
175156407
224094133
1163938044
279057098
123404331
676842502
594389609
1080974373
1094433475
783346212
878766850
359520402
411200297
304939748
602704202
191972240
431560327
619139524
395676424
738095744
354479116
1348779272
891591902
546262879
493458334
904030312
661798588
368443180
420751857
561454466
177094834
173770885
162398556
301295152
330939867
1134626488
396583188
734611106
236151878
367730249
1294810402
938455901
382818796
1060239782
278545722
637671918
127301532
320811896
1013137450
637937289
261501528
177871522
675398495
672940301
756116431
160817969
494284387
406750944
135790234
53335765
546397199
902972253
960834278
531075347
957758818
574145476
934330516
919632942
1409741174
48187831
94130518
428227114
461528464
218720816
1261293838
226832891
413105976
211206988
183476314
446469225
1000460904
1303743672
1181423454
62352341
180968141
930098216
828342541
12998466
1182365680
249974548
776640015
1103746253
119845197
1030015959
986826813
18936242
102360620
122369424
1165450168
33252776
396324097
132557383
912809835
560379796
1276985786
719692149
845924844
150066640
187287641
595277484
44695514
389607159
102927083
762415482
321942567
381921447
1165885286
462031388
841947054
123252888
871680387
885344749
654076071
895776152
696854556
250154631
838357781
1098708
972267172
935774917
542358668
282971817
9464763
866594590
508774707
506083524
502267300
873092405
972202877
449980689
856372898
106663748
814793320
329713680
139096842
785798310
1323203297
1181407338
688357254
795722824
1209585575
940010234
469378675
514871403
389439210
1225760867
523266793
348713009
995763913
100091938
894102974
945794669
642253127
185227824
816998363
532776769
347732089
349015031
624235882
97778451
1000199865
55702818
525401594
996102938
612724486
542944970
215047978
523971552
594119086
155587735
1154676439
569464176
638900801
823832472
134786417
212841553
691917622
300002097
304261439
913755743
348032203
504337693
1109697658
559676930
1381129013
766483396
514250310
92432111
322384259
781971654
1134651378
322415437
976219896
976591916
817260828
754037149
456243887
728350609
356243544
492887645
1067734243
781837099
994783717
919044695
775743941
1049748327
318550215
948983541
653363720
658796991
696696879
1007559870
595134608
1064090369
708899247
1330129811
858526826
571446777
842889811
849623929
849860918
598453613
451162866
263660126
527433604
77028938
1184744280
561304696
196970648
428872564
241962068
485372902
705159637
373973636
329568008
877191013
656837683
648874278
600516857
552945321
80557367
23303304
40711223
956609344
372674294
1133627911
111263754
1317168205
630263830
1174698880
785766115
571345834
509206373
387792412
549877133
99805432
321549656
466546002
432285938
85329101
707882201
106687185
302819504
202746218
1295521954
843372480
198681457
903171119
1082117914
525971971
954925095
938914001
503644049
782974836
1273092771
825075071
1167643436
970992688
762366927
169534410
281322169
66806216
810833635
687049314
532442004
705113466
640162306
957410859
1333721390
1224418159
315537926
17442894
303962462
291275475
187643253
780829759
445581918
359833892
124923705
1100401486
236109010
2649651
654528102
1005360920
328024047
175004364
377615682
750508668
925869096
669868945
23249789
178144800
888915964
414758042
451377101
670435967
1366119993
396241996
697086936
101591242
1299182045
1207284591
641061958
758385221
1089011738
895880779
970223560
1284672417
942585379
526660586
104794227
1131462770
458166516
1249299602
722641264
346080355
573928556
1124327150
841805163
344304762
909865947
16947568
531429282
537054466
1339202767
186907721
178728993
46492807
61765337
324359904
415444635
457477618
919621640
153170131
577379253
904552520
657572351
1066380898
320222734
403098459
766596488
629633910
1284415982
1004389627
683683294
1012993836
556653714
855950282
1103342828
586245593
315451609
1015125179
583917580
1318655566
1116458849
522505685
254547331
873200780
507708351
418338234
834588917
935819791
250972499
973724016
619834044
939861934
369581903
756178429
738236
874497452
1334304767
641727994
1086886324
956636887
898297927
1227786461
897229607
15722582
776023592
854296422
850711795
822129876
511107122
852349207
957173409
893836366
903184081
1134687155
596940672
666515558
947377168
809112641
781365732
864422255
314012648
696334865
149389404
329788639
157096575
166593455
955597937
538886051
910731874
1230025703
252138350
679652656
405925439
719651789
1187004358
2593066
1196662514
894807050
436527500
65409716
93368508
777360400
37766410
898471669
620092406
495013903
572877040
957280974
149837629
498898562
1052959192
267685311
683929559
385002841
892673945
810749790
536361986
963061373
249192568
353854164
177101575
820964840
749365412
660717486
682867087
302400710
756999121
263347143
1868773
766814133
129707891
1151741019
606091717
867800017
1276197174
386214619
1167183609
105543218
760394819
35488260
102341954
445401894
973968987
970184460
778619694
786540584
884795085
538291114
490843635
359130195
473249565
774224488
825827521
68468228
833935617
454869216
479247326
897581731
773805485
562994264
553975343
674916019
845487868
807504771
455790711
121933929
671797677
98237039
234818687
229909019
280321913
184743008
976925811
618526882
362860461
463724121
448639652
507447211
111846253
1353511131
888963980
1121544344
808627832
970391095
54998414
101844020
248025515
998622784
973751158
578780100
525668904
572893114
646749172
602182184
233183506
1307704122
188653415
951824380
834799315
215644337
762344982
464731346
1346903135
105515174
912504179
244590714
957920375
436108670
193019345
530266391
472265910
1352419664
633700890
935435698
177774628
157508038
881471504
218262662
480163643
616555860
392114569
611224078
560461591
1194126932
585401398
34907641
454989138
1392480994
527051556
103064400
464251330
30054616
248245539
397205032
544221882
9996841
640357378
477874352
1161253766
111835385
585120966
859511308
1414760
562292028
50876266
115601339
337899256
917011773
1347161492
666583753
681585450
618288428
296955361
644046721
76168485
428521542
919428943
702501916
343740915
743278619
303307463
628703695
1264354091
1342662147
805269164
368395580
687757325
269348198
854929115
936972624
491953260
1394030957
569917242
652706331
970493907
133289632
837703400
960517075
22202046
499751418
621677327
584405814
674005629
138335884
493452723
279488912
686721050
893719216
750603317
800249882
526330778
529174859
937770126
1153481331
491049119
924033542
150834956
1043403029
672302388
385514794
158892026
977170043
779873583
602229154
448021880
412361977
704424223
1174169306
191109044
304743683
250341705
683082416
44182755
51508781
135657616
516528858
135258339
50989663
907006995
138066666
274621379
76250130
462798560
1244224663
725427401
289238680
962815166
603125439
243447694
614086651
303540900
85782451
948424222
649578787
155822028
657772565
481349043
692624597
334800045
242556032
52370594
638095626
1290228605
468524748
973094048
616452693
995584726
1349485990
191969593
966077402
195896207
194445577
1053089083
1254855266
307399130
754720119
995526384
295072080
575487052
559650972
520184457
992722178
806019504
781686678
1021028885
572351669
503695158
597913405
20622657
1087769129
1235152445
805392006
365093473
1251634000
322814740
292550554
750806400
813351618
527313630
170853789
687419003
931661759
370145003
904284465
832350624
679291247
470055324
633465634
237164704
561239736
42279284
215961386
609218158
792810694
256810239
464730631
799592041
1247637152
414136206
1129485464
743763428
361634702
1382528901
382864926
95703651
1265701724
381422233
536959117
83280291
1166259891
706176862
623948406
423329162
143109435
707863753
536422698
391788277
293770745
408549392
364181063
738097709
502939800
641673214
66954837
460900605
686626605
605828041
67073887
61845775
647804961
763043585
15663984
889587811
1361196821
704755120
89543048
645704467
39419263
126104914
707046096
639593218
824406690
425543527
689464481
417019931
625877627
833346526
222294354
90976074
35423330
762399503
1122939019
425623736
279242659
850141144
749204690
793932974
49207571
376500299
140223403
317949564
755267553
127819200
651386407
837223402
683860629
681038723
860388409
410833770
926949808
543169523
1037217927
623391161
27969161
324677452
470495822
537559480
815173882
323380082
222994879
867158102
807773673
458070598
427966923
234576963
506561592
791131366
884533447
304672711
330126
1249700866
587296101
485759332
694226572
399416582
971516964
645637148
436624510
953094327
1364569904
972577956
548556980
13036996
613489057
150401641
863599871
518694035
1096962765
310133480
277392290
688944254
731912005
673890924
800320276
229607708
1147121897
844415793
1063379956
730551197
656470584
796279090
1277934917
707523419
1015758614
111105968
384635419
195637967
375050021
468625274
844269329
1070104858
102050854
162347948
970850066
505804359
697138044
993065549
1332782894
499939169
866603220
879573863
663796591
194652516
79613566
23374580
1179505303
212973373
73065652
1035999472
580899574
539182188
589670139
209337445
363096801
313026990
636145356
254574870
1228728535
286503687
608193175
204637737
123228141
815318834
694035607
157469131
721572068
140917139
1358266903
154553965
469472787
60921981
934285342
539340389
451720372
973867835
886116192
350022686
447926820
105771997
269164423
693803935
549517869
876907178
312239904
1150609745
1312021690
965848265
444885766
297456516
198146240
288631563
826540808
13993530
973109679
88118017
233529603
359380356
497101512
1399191906
136114248
30017299
484049794
369779563
568977278
325772603
590917056
772842263
69144283
329497393
704676511
750542855
826776317
125321934
318889342
440024525
1107158344
223381127
351221864
53453008
575323775
206577024
584039527
619628312
529784365
1219953387
353265685
522089020
291106411
1004338743
800961429
814699516
1210457144
697222704
608452045
965584370
1206199775
119141702
874970077
1397195383
1089263197
402792567
607099198
158273404
51563996
970567190
1290206202
694173572
630353065
946821797
114535129
364859234
374127709
503138572
298946157
603326134
514970478
403362321
363361273
132789731
825097434
2582913
551491752
1179595744
855817989
85642099
872882402
448511632
1222912991
777114291
225615095
7867349
888400200
787878436
151269526
823501600
804953910
714117039
145726047
1263892761
376038988
403355220
1213495612
421077525
879865957
69266545
422690240
903765325
850081618
196864610
658939584
28191916
285494886
998463649
1318479771
272873879
646445221
971072962
212195684
243469729
942350876
649492342
293446363
1367082974
1129288495
1225650760
216625885
535120493
641686771
106674541
229776745
178524295
818883114
236964177
639453282
237682662
43165668
479530863
1297802086
793259061
1192464106
41077150
464503646
531622653
766717695
1266440534
604503281
110625759
38558099
121951278
995729562
479348261
505499373
584967593
162325220
34444925
692960494
152066053
632965024
1076141651
81028352
389289673
668118659
91017991
176307406
304233405
591709729
887091307
26316129
1212035098
971609551
1216726407
339273749
278988354
411455632
877908970
303385212
698680467
240656663
74058246
434864399
40510238
790939439
698832668
895372080
1219140816
412197204
689096619
1172608753
184828062
433400893
73684919
117277702
131761978
1030544519
452099474
479713123
489261149
951301989
863969734
991419522
1029823604
224221790
591366921
425826179
812153717
399660856
40571527
1147932432
758427998
1334609296
1122165016
280472935
907680264
695899419
993576015
12817245
1346391764
861723672
944955919
250777642
645264321
311967481
322135898
567685076
738560920
374660205
403389215
42608621
376101598
415636257
144024721
702177756
594223675
976312302
80647238
134733668
620181465
795976416
149789270
8545929
123095343
544466935
336201713
817709485
888467403
896390102
277970615
1024579590
196740064
1369361647
222907586
740238952
349115550
253684081
968130536
208460808
214374784
735632496
423129563
799330267
338218127
272851194
932546234
350281278
1234297259
1205267463
1131197558
998148155
697850125
354666230
771357443
445210743
1398109235
464392047
413657586
1321415089
1358847044
168718743
490180939
433511761
9919454
34792151
1317444156
757079073
908239467
204408630
58051360
968809699
719035290
437947422
488763714
750562708
1233076782
813521041
730345293
67430041
407496069
25243619
1156911148
1168498291
591859888
30730523
530623095
406430715
123902652
742206840
308717403
911550812
699794177
654127626
857101456
179849380
668443245
1080758621
903870511
947068109
8993587
1292900121
816833773
55399658
656736072
703969972
291801075
1351945832
915380003
898027566
1172503067
1389471152
390267212
40430707
773586458
153804110
571761329
547090023
901146045
339969595
1029022831
87883416
753739185
50079208
22137903
1312293192
1059315650
313036368
681329829
1173241198
823168443
112589573
65987885
479477554
517926749
111831169
801719916
519032697
434310787
210505485
658392056
1203342028
522350272
518977384
774653496
844721166
119179813
702610961
1175155675
421380620
662081128
518424360
652263549
342240835
966445015
753869270
60089686
401389611
42195676
2254979
1055088962
272144831
593145330
742178902
697097392
98654213
854081612
291293117
988062413
904935710
348001293
916201683
1330174195
627395443
74108509
337253129
543704942
192107128
570673167
747063815
931371447
141633928
956124082
1054581269
356322220
414256037
592580779
1361049673
206976241
1075322079
97307659
30608493
457606285
574541354
947798722
926291734
195038795
1190335111
310348023
659391065
223511869
291409987
712209638
113269540
701631113
9944745
1248606363
218377297
20077634
1030041675
477956229
255687928
1086608672
500307321
143677061
1409372203
24152498
676715069
111040510
489919078
266819677
522791606
541924793
1060083172
108745148
144997058
703479988
121372370
168747329
718947625
546258942
1229261263
628906913
79468637
895078776
164845345
1041276126
723074767
731145575
158336651
817937574
727715113
356781132
713057339
453673364
1179618591
570959021
567059381
399212463
94612725
437119900
558585245
427681529
474550389
1214682846
701302574
563504738
869006305
785533759
1114785149
353368896
997501604
645994657
699608983
1134947830
1000717317
568493018
401693742
989506394
357386687
3568208
557088044
82551028
110907369
805563170
808907174
839645349
306495037
172587802
1046130624
169948325
534625455
849532418
494170262
644468194
169633753
879814140
76008477
840680032
1380656485
295094636
944302757
787443090
473746112
210061714
488788755
972437459
45504201
842908791
821964667
448523209
591612848
668109045
958616629
992731355
1230174298
90148592
334663687
1300527634
1151496148
149809747
633723466
883243718
918664648
508438170
172435544
69287689
894921526
934867957
555366352
225508258
887216383
916072578
852727760
907131274
418299349
703099140
882876315
768911060
793731088
946653992
968348659
368945881
687872119
1051884467
414624143
934745409
1317009921
371127519
905211902
1010735399
760815583
510714702
309934274
159548563
203711956
287949059
783101050
737823481
92655969
915709421
518718900
171261947
1152599441
241379200
785381910
1109212791
1408301438
697205499
389175616
119378766
867495654
347460598
410411009
594089345
679418183
199773181
988149832
525101123
1244527347
850438236
1331114477
608871190
1012818154
997069420
936256611
580958890
578611071
477454200
254466502
768603811
1153475838
354339724
929697300
283283185
20121741
150923522
602658771
523427381
1319121577
720148217
1241898487
931481326
600360817
479347473
224662094
533221127
138725325
251073460
282228833
300604858
765526606
398528513
436508063
975507065
87371158
466331238
254824512
88051925
637972304
985301488
740528113
914739851
532656739
366501291
244715845
1192389522
231705162
530665337
243525085
694026058
298351210
563110045
802002852
835292180
623442035
558543956
285720441
1373989822
906337192
406924002
585283580
594090812
351190085
560146981
307369804
892993580
832380139
1302593796
47117114
1100364349
700138922
867532038
1323239380
858141332
454100688
483401830
634256860
174424768
352429167
115327840
321079988
570308831
1125688768
1114318828
710084459
116016026
688575227
840777510
1086280835
289051591
703664156
403987159
744970283
384615063
146710532
1399414207
341269422
917634883
629046006
474632495
724776566
1333663680
131442820
1334792307
998938259
942124399
319821860
74436637
821407919
608294997
915819756
1317442800
1106287986
908518636
1380930289
421575989
1120816442
914325607
189749174
392808802
453308080
294206385
165322477
512769153
989737768
789376747
113064856
660208647
2774592
347114672
1381002193
351641106
1060687508
1062418518
888959031
691227534
551798013
431933338
404884537
276951536
545118135
862942115
8261839
902046633
635971750
422404929
628053033
1085925252
671920659
172164045
449809799
714599307
1085856259
1221140684
776562681
193576876
231152595
953156389
1320295619
997507673
538715991
431818642
1282575135
406104344
839382250
1366579130
926592962
407046499
1209336458
597439905
365520996
912109493
1258452824
208672990
491272298
966030650
391649535
908563095
92138700
421967365
440546075
255974297
631294163
30709452
1019412730
147978014
745286083
41351775
33688892
465038448
263111196
1160044279
460482681
464684582
581359784
219337714
449419436
107565068
338602302
897472336
845099588
139966228
969004659
457621180
531634485
280379806
410198856
47691536
448780944
313391333
293646565
832960266
502720152
529330638
999720239
727800568
1406076931
629259266
255644205
252459560
117037474
921428731
495105381
725889048
520432498
939387083
272714048
1407179581
381137683
522582585
397912005
867112411
315032371
1376616608
107836085
547268568
475833290
900448899
553812554
517925218
705498938
598578661
797904011
373646786
951026666
961243169
129360652
631843190
755352919
382003017
251646984
1189976453
1157387127
938886933
75208772
312944152
765742880
217010112
198185781
725538252
1286428467
967287047
748296052
658801734
598712661
244251922
131908933
26578925
502549035
179263354
832839194
980557870
675022954
154198280
366660961
1146568951
474946300
1187124627
1109239056
949595586
984101311
885004925
382925062
700407213
426144114
196874059
734694157
1290541256
1004635984
174883738
504765093
1040878773
628991612
280475719
59950414
1138316030
2574024
694530557
188145669
317683676
816674619
514713453
84315652
505627403
547500163
708998036
92675862
218753851
486204348
566914187
414463666
1135530081
377864545
269709786
477865795
676479431
257941027
538495411
580773050
1364062685
1361535374
908071771
1365987976
152537416
51168221
525656064
405603
1173975945
1320922645
178925221
789422175
888548672
304106855
222223146
292433623
1079075180
430441047
713988075
1339299508
242578857
739299245
653922451
480833113
996248839
374834232
410216167
110928596
1067203667
517977619
8997148
600272207
124392420
753102761
1180498772
349939705
141785625
222037861
915880994
1121257964
1848932
460382910
388141129
406875100
616822834
1056976351
205906700
855720060
1097839874
738628659
449944498
837895639
564949745
151249478
505671111
633964633
54862978
1158396995
37051416
495709171
739176340
744134332
921297893
14209577
1252582060
583220515
119830412
1178816333
1338139317
912730844
542017298
1023046493
473254454
1146105108
81382035
259894932
520077074
150665909
673516106
1303881945
680951916
739820910
1184279005
964481634
817649671
179916444
337458036
700949540
397069339
606391393
732491316
402909695
1296365891
108052082
444674639
469959332
925314316
335072046
1362779904
1217809950
777488963
370238151
582878538
340334312
258943462
250622613
792279747
804092312
442899348
14686178
541849048
614126010
152229867
402907889
259404455
907663954
706039591
1383275487
669503547
282532999
1077204482
284781167
700094757
492001846
159527243
86416703
7960904
45211635
28267306
854657759
239982248
503273515
605713836
1409707736
67391265
1295292186
727082367
394280334
201752848
928393570
19062725
1253048163
720687790
1388080380
412431577
559406479
1339025015
223235479
900130723
951670668
860142271
937563314
40038097
82617522
1236126886
360272472
1070026694
110487945
563902883
713943836
478705714
617914608
649708169
877344100
512239103
824127975
822902437
268874223
133169848
150986940
783876676
19834241
167116093
962532414
331669232
687684353
578084659
159324027
410400899
226105997
42944895
929887549
525293220
635645413
820723382
133436229
348269316
393544238
300619526
851549627
177303963
889187540
1018777255
1219644590
422362412
977133571
277861299
859089855
113520772
1406488233
309361728
667632131
783531970
457471873
868665565
851520699
611656946
448806237
487751095
540370789
213810518
951228165
177970451
1159373187
641116177
115303847
584129453
1436842
178349419
340009281
342988725
571520637
129002293
234256514
844973623
862673446
314104779
776453958
244676101
254451038
891874974
707054454
662162117
120175961
656229006
57091202
1327086101
752132739
875322448
119519948
272669702
886996165
36360883
1399770332
413550079
282781806
589353565
346786864
373810136
455779097
418967053
163838957
408190477
397113085
281705620
145121235
351810535
382252199
223480701
1201530754
572250754
280767224
730202631
1307626151
755107888
257219198
1361184854
775655549
431721762
65036453
847318437
564501709
670088888
753152651
431930862
45397053
251127130
730511975
199626418
10263743
1142705451
382164886
160768292
553690616
714627491
714151963
838303124
715275975
175069371
452210
254285043
7918232
1197633527
124483837
282729463
894536939
902073320
569754960
98702810
869071830
497935582
539097203
534165968
1300046181
926684175
1152603569
378271345
540934459
655311125
319602488
697450283
661803590
531261811
525419269
614489090
880187861
194941461
696457927
351128656
145858077
737823217
59541087
328612554
293079983
329296311
539879401
367058321
166556760
465194867
3186346
1135133286
663616944
90620334
28166604
1114574412
695525953
1187733257
343579586
716678422
837679189
272481180
689185561
280280266
322457799
226287188
666133086
107986701
901811931
953001584
2379835
635759190
915775465
740259727
256955149
584264451
955522314
156747850
542334973
313927960
69116102
1177602593
725919218
801242759
1152907104
939685846
134685329
500243818
467048453
376930920
385000719
433046981
783111960
696007270
1343059420
284211025
595211005
69051065
349395231
329637894
708295038
264468393
1210873737
670819059
78375936
946907918
507986995
638309207
1221137739
1316647451
434084971
166970025
458301575
728291114
107572154
559431391
1205342538
552378642
331313244
1288839421
700840593
1024903443
357050750
691932776
1206878294
811630580
790461026
952114908
419473284
1037094206
961692045
419625201
163354546
517039117
573340577
312249204
718265630
10481482
616552638
570103668
950623006
508474496
165445186
414968802
954932896
367980121
1299049207
72030595
1176128800
873208295
69731298
980744857
649664057
347572486
1284888517
1060816365
29332984
820146387
949571369
866583998
919166651
299794597
1024147269
219935386
377299100
677025681
417684913
1224511027
511035833
1246477392
718804608
998955702
199998645
550019235
33349149
1225195670
391942846
664695888
233094804
342411633
402525448
75191742
422119026
853689904
275954384
501387410
177178455
90910869
212377280
59009011
128959236
673695381
241382735
910925803
362656119
852513872
327565499
1291082415
617801320
1074317339
760777698
723606811
1060405432
688792511
744081376
428150523
686744945
40521417
367506107
618710470
249157274
628506945
425447434
833001987
441676715
630664736
500666371
292103712
322490703
284621905
799511394
288473929
486942898
97665656
76303365
664205172
456841653
237938819
458490763
417052660
267429898
108248834
773036272
624854547
937186988
1051596842
256517148
929167991
725900621
991369120
186355557
821450853
907663973
821700632
552017801
78141956
323945310
555209659
2279122
1060903196
927672207
335245092
156842011
683052538
789365523
672673554
70986567
192041951
540436081
890148573
395018494
467840859
1276402139
1289675280
562875255
179519370
342828466
574942020
526722820
488454062
324088
21979154
648905843
970803285
17952736
677280471
422274344
619656552
962299812
191961102
304174208
1261620980
558596582
1196793496
1261513585
205802826
760522896
578778848
514987458
1166264662
4468948
541358623
330936155
523957447
339938374
460211583
444332814
29697814
952658187
128446799
630819563
750891997
536449563
1213183165
217267518
569393774
1107126271
1161225861
1184848105
625469223
580011377
31386400
519734975
470573387
1283014882
669520569
598035706
407670411
528719266
979051376
442704870
712198517
1385719615
331117640
186131900
913205385
1219446586
867508134
729275417
533220574
316246807
901486828
185008474
252815071
885655180
1089064619
804313370
287610096
422313238
573898773
227664969
217576848
868924042
810289036
552983530
99794641
293029677
1385472992
347668482
1385042739
165561937
933749573
841655480
250875438
902138196
438704090
807990551
679441802
460505208
173735954
555483594
561302371
185958450
343598842
1349806177
1180936100
42344747
984588994
809691482
1340993868
989824960
1201109408
814585515
1027665028
99835718
901505608
183507320
116605643
111825558
384922165
951014989
79565894
307431058
587588993
972756863
470427875
1384537626
739189038
673093875
200761127
1049897332
1242476695
866861364
662624187
126112030
380205623
3300013
971176162
108855469
88038827
833411099
591555158
459135784
439674948
63055452
936325482
387507812
979761332
840030306
414710324
666235530
403953090
1101397953
698022817
743595027
1268587798
244917022
906942409
376474232
929989973
700290914
160967022
98536208
1120936428
629407215
815542286
20717474
1154140617
612167300
923427825
139848888
650309432
806441199
92910034
707108375
846034312
912154819
1272356425
1176415925
485396033
360018073
844984656
39523881
336274134
674678660
533939000
540637459
366346033
1338347269
1205952805
648603534
922353573
574908476
686462993
975137384
207560864
268431445
806704907
717646345
517976713
395269264
1246751096
309741324
904729087
45975657
336615991
675400001
911676049
797871185
303436585
541315461
1103825384
880158313
1005084339
695227677
677478548
244175568
196645239
312797525
1074050230
1285032775
571255697
519639109
868144455
385992769
957503092
767608556
581940661
1326447294
881636596
728734321
979239041
886517424
1129909196
1078331356
819178911
382670152
874926608
1310168509
298517391
1302236044
1206166527
512004710
377505232
674708373
1009893712
242058118
580382854
334048557
118151970
297837964
96416223
845757741
366691630
801048017
1350017376
550059653
421603573
634473171
183635455
805279804
995585118
368551135
198089205
736631239
689548342
155669867
534911968
1252688982
1223763935
606767672
1083056241
862758207
721814034
453916686
446482681
714877891
325815370
887872314
93012586
187081106
905909919
467459607
371270861
149004344
122304405
805078805
843510269
1051193667
869729191
706380268
184980754
34371439
319341417
660463540
1034535771
666248550
703765507
561526994
1218963189
26537529
1006334110
229633034
702024668
1086277649
615052873
525116471
842956949
537502949
909571377
839151011
897531213
406644980
846901340
976682617
1263007804
599236459
167595523
470041531
969143902
567868024
772995331
147662208
209652426
216956592
632422213
584263632
546536935
577331009
840979262
1119089196
1369710996
144504
764986946
591372796
881019258
941072616
769454817
194888889
1344522573
1137346589
642122234
331428102
1082441556
345267368
298249098
251072578
952587481
404151162
1329918874
625973218
722415657
517761648
1320135822
277139461
1154073729
859961112
779758301
1382764791
231446052
1284965560
1039297721
317302828
737720558
809843318
603045566
856033791
89636024
844908026
108862872
869565073
671595822
436664067
938355941
616204257
551154187
939501183
718919478
425916928
1256882484
773677026
471621125
789354570
269269268
950943777
319675181
293781055
520302864
984686480
962148528
82350688
543787645
205633120
415774920
700122360
989995437
573505549
419486936
1333310869
624071198
247575863
38941198
285918629
15273287
113713457
867350261
617048756
779464439
583645835
522100839
991398707
105203400
533800829
748945867
665014381
1361644990
28054501
202532611
628474401
989776932
757804255
594218691
840954183
109794216
256668066
267933452
573856569
620322932
48418454
153147007
20908335
294201982
495792173
340103425
100562136
743073018
355767022
435975243
397927708
325270152
911636428
755953035
932176854
543678738
782857639
76588005
1167294813
168462863
578109733
287718956
337253648
849369431
469504554
501098217
695090957
230784607
661963151
187674457
979836827
1267362353
118345131
764849859
983636359
381103700
550750765
972705551
585241624
488739748
812457899
99922409
649952934
874741371
432766935
862445853
148400741
662197144
857159684
77165174
433559360
466412890
787484264
1346411562
90242235
615928934
351644136
139198881
606096275
507267089
259495480
615959484
334784488
327335832
143238930
1129227063
1065460472
122793149
123590786
769595091
643474331
327172531
980758929
90704413
365076567
111944448
751357248
275342785
475319462
171525965
583275964
549922183
442461259
1083964311
652649119
408380609
796100867
941926002
145689891
280988543
150887989
855191068
96734681
618075280
1066223376
5684956
577019819
888763924
245068942
521258272
95476695
10567038
1160221630
98759206
48027936
549204139
718728875
285578697
526451194
53243159
382933726
209361714
94545316
869211268
100357047
124190120
489906935
995526535
761222309
350588850
980974327
719204420
41455512
16414413
668175866
405876517
1157036873
656049550
289029553
1161990949
428573604
562328019
10964730
60645044
753888267
964548013
995322991
178734002
906158357
859078038
779591012
846115046
971172786
108989228
147617978
130738435
598600242
148137185
911759856
913097178
453152481
919729154
930593436
347012666
677454827
412645289
858681538
1122640417
84969946
1230084887
467227484
530780757
375434057
266930844
452355705
82107252
1302172427
1332329204
981281864
284700618
526507038
405845521
324994207
324791330
604403661
793021709
130067511
547424064
583593005
707703820
550662431
897890418
239218646
966722321
776832576
804312186
474356195
715905930
494634374
202894043
294663920
75916625
675464904
556148212
93491604
119826113
183572645
1120228066
1150312761
371478152
776881135
512964017
237946609
1312143174
833409017
334896102
236281126
966553686
351486517
123845434
956480531
8272218
655518656
475350908
968211682
862030954
1167533139
361248742
64926726
354734697
703102677
1268327228
414655898
15457731
1287036212
921727063
166730406
1018980478
21951754
705710399
419801850
833453621
1185713233
135602822
4800711
400624801
1262984469
147151065
1267814082
146243360
35154873
468336735
43935736
74187674
1396392839
518671789
70988044
14299415
1096782512
525779733
481687322
1124070209
555529718
912125576
831522072
1404708857
525228905
360593295
532533727
106199355
756724613
243316494
954437134
647956776
521077401
1086781450
1352420161
690829900
482315198
826077468
625593960
830733930
723059915
922190199
939343293
587374878
333769485
871181975
1032134511
327906605
598211074
976657023
371793955
976691547
179979116
460532546
257356234
1030886679
27562813
532058924
421702979
40834915
470626365
1138506471
1239773955
779504315
1079896276
634003445
367559082
397675776
39517459
51132652
429129446
870234170
1113762754
347900852
535280087
229569355
290920163
393763498
2155748
790670762
404209658
719168888
737603509
140980558
596662247
277948100
205378917
470110763
722043043
978188735
442533354
979554664
683142456
20648749
532257204
308205435
846039253
1161585253
777994472
1011664514
662077161
971753349
337716258
251109055
690222200
890009859
398377724
555670319
272638682
424002173
354148764
455803990
889409842
743737525
591084159
395749667
1313182840
638946867
1283919052
789270327
616580000
976863424
574688327
603618094
878547447
742354026
380589538
483646467
172238636
803330227
361321269
7147269
39035192
828805753
1220713982
1227834469
303651495
1003603224
751101252
1194663149
193435928
514407912
115716112
861591654
589798259
526780124
599850037
1393664745
1104474642
239913160
193841835
517042840
671459603
1054912059
500073921
229019637
1143280987
658929008
257884242
1366403958
905094347
598329784
1176560763
17079311
369086428
239023801
1095721104
322261028
649231431
542717593
833715599
784375449
862934855
1206558618
454841251
822484943
919892812
314174240
703275684
300891449
481190825
1193172717
719109532
465912396
35297403
1344671130
361781158
765088239
980022651
782741626
579610764
65616764
778690397
479179957
1038107634
628026133
664049590
203332844
578927277
987352313
121673709
884393587
1340654158
437982934
355028327
855115926
959619862
1131630903
116046736
1383321579
961775173
569953712
70302327
126330763
766766806
378093245
491425977
1212797331
377751264
188781781
348717693
727016133
1029100270
820102253
223311150
929133972
25591463
888554878
77205807
147664112
381209760
934246823
326490792
612680242
776642861
945104234
501273947
100671376
657835610
838774411
559601277
135871952
181955014
9611124
758392068
1088812214
870826279
698241064
923887917
894222122
687692494
1090915970
940400287
856856265
935150053
813535831
861867485
219618707
50610948
1001338039
845018069
454530380
210429059
656107582
61594329
509451976
459417244
938048521
831816206
283291040
714090506
286257692
940980868
742285317
821396034
976538962
1053901315
417711460
778129809
90944363
648928852
316620846
414355188
503683843
1265373366
1040643051
334700364
1377657084
989142822
810391922
282789118
754389753
963656764
385763144
308059517
420231116
47201023
662107960
1183500823
600380617
887548916
446012287
435289636
642550638
1254899035
653690235
34037621
502853138
449988602
994733716
930981603
93760960
358082554
376939670
898554720
1000380020
711347151
307541086
847522714
866280882
93728922
724943903
967966673
1046053170
288448034
874375323
947478683
85154698
867460566
1049204017
520138809
506941062
522907254
941073172
314764430
287201002
31369740
74163943
740850976
90919241
1371806591
69618950
523325821
418793445
360614020
348836186
395988456
873036787
1233740965
583050594
996112263
426694027
68097850
60869267
740889363
1122711213
579457742
140651686
829376051
758171191
563878731
934746726
777399503
337096171
1039537350
351357515
26317960
733427356
341202834
501513151
761847697
934449725
1304627581
1238281882
371399506
948689190
566441125
358525716
474278408
1004206830
497854095
1270858019
64289900
359445063
621019638
355506400
779515853
332640092
890424452
306748091
131105921
762926526
219334610
487132931
268284702
427243208
539828848
427118726
462826387
618308680
623727177
724100130
1145545495
1093967179
597397375
810205302
288313626
955520355
703875163
599135406
1114770610
946984874
998672456
964706175
922888123
568961802
395482102
821585956
702695968
408034854
857659035
30666410
901999764
591700645
428890541
815856926
380388093
927536379
157155036
218456771
434983080
978028923
726222286
689024465
363259292
266401731
605220564
1218536138
1242531977
200461320
70111793
482116876
171839505
416960648
623304652
511227151
909771509
444668564
1172601245
614452849
112064902
1282660056
1150239788
126273783
292034471
254025269
838746380
196956842
153285105
469007196
611346966
265233721
1325907899
183003901
639506818
418735115
832172650
887399875
418357212
827639086
545354654
298830279
442087720
1202250818
679469758
620782374
1056609852
19971089
793540092
852445414
886535075
1060298108
70105679
665659250
832931034
803095785
603449855
384763135
301591328
735751025
940191370
197351054
461835060
159731054
751838771
449515526
143204342
393971343
547018144
992477592
405701040
508614592
814074706
388581645
333225025
1050023505
1302218674
552852265
60942003
267780173
168439229
992749579
246225841
1351449980
348233514
407317915
438929947
842870145
472386297
1391234027
678064756
981483630
363345179
490250015
1401323772
399837502
190603276
841959481
226052807
1179632681
57431428
974678645
1118671587
863904916
599717218
576168689
614105103
678282727
514240600
38632683
294945586
1242795172
521069334
990844006
1285611496
202351750
357996479
427412891
1222483992
1321794505
289661459
1307545949
938142425
383144051
282777419
537992703
1347782045
168976607
41914539
631501764
741256435
502074299
631603507
958119255
186305696
1114892193
828365575
362455206
278892870
934273760
165894957
443330841
1059879320
75116331
1386927271
389145896
850045292
101683723
460578574
60977171
307265403
324070595
633532249
558743463
894813320
194883595
523939631
851427413
156289690
519649797
108458761
799143818
80376340
293396929
990976713
872846739
1294371285
1318380686
211537885
479672796
363977871
416047111
630101582
595187082
659213257
1208249551
976355158
371479609
59818624
1312382205
1403968175
377399926
365167112
1167431487
375678718
919895051
468256039
247813617
1214760914
285470730
290996671
871088561
164549152
250866586
1347481112
196000752
219197063
638350814
346467293
233090689
1204506037
536419681
13928354
451338880
122771518
345679830
495940378
523244163
997473467
789151376
313083939
1357880659
957625185
198376492
502278659
775544711
739300386
470452481
646453285
244921413
538524154
201003729
233739007
567965889
383611700
90723642
197410530
1014437612
385589036
338617718
982081457
731432793
522962780
748728057
267267106
176042021
107325802
706369858
968238541
263796294
1108845034
318738967
447341289
927123574
1058903313
989762285
1088260016
151156358
641299586
957695787
976915041
17700056
365902209
1106398607
1400960497
527826436
1279612777
871602127
794684669
403550719
1346508224
210094786
574307049
1034351633
649874042
1261561215
52365506
1180211709
668102919
761240506
829197700
903734959
938085869
932788557
569578314
231397926
979364602
382650995
182758101
382640675
576258576
1255003197
719580432
273479689
609720121
495052917
999853599
1047579516
619937870
687464966
253125787
532909061
985419832
36560538
1135389873
306490434
430973037
1162979899
1303623142
635387386
975855348
71556573
411722086
1203475479
119731416
181486279
495596647
303682161
748720512
531404901
985078213
637005792
378900822
587244055
530044898
527230560
486571069
847196967
709241570
376467369
540834798
703184137
234081725
852099710
637571286
990476341
260834916
877048760
366075307
254877581
879196233
229640474
951490225
473107168
1311557127
699594248
57267473
303524629
147893598
238298699
235151895
822232691
1321622834
639835976
518884467
722691848
79665905
226281987
847357718
653683873
839653364
926496057
845067594
445617034
1221859346
1306810444
791776524
933177927
216367727
6896655
731702808
1394189386
148510028
546736910
775246290
883967879
918725772
92133451
224138098
1357392905
1276635114
141534845
581374744
1304145502
303442368
871994028
38421917
688479075
70830302
920525140
812636086
524113774
878121913
317067798
170706673
734689053
882656277
884429605
475334017
182243824
446817831
1078966196
195709772
445892595
322510142
597322327
1199621863
228888235
1254035869
331818420
1086878298
736387893
630856898
620254954
742640191
316468836
71108792
773309334
748790475
420995366
930867317
453260640
250707373
790018871
164144773
148614885
152501433
955888793
442421022
427767544
77381426
813349112
895143915
391313029
268467828
542669995
716071261
42813388
981319275
116149118
760638514
60347145
592289621
559159019
459166727
975228296
849551729
747818315
787695560
508979629
969505228
332777838
514381460
274171362
772081452
491060626
583554831
834448940
1347811049
552073527
327799818
548381900
27217403
929640343
349803105
698184983
500560051
400802486
649596420
199662217
103929132
892397390
81507776
1154692507
786182317
346593228
35596943
1296098474
369268537
909596045
703081172
948531118
58929483
900337474
382147764
215023739
654489178
50590743
909526286
479826884
93628286
618594930
1323098811
1359401888
601789608
968308869
252011272
974271644
555897450
500887846
713536934
1355652073
714596075
1044585830
539940124
698819917
576328154
619740794
825827463
118614920
1300947093
896995211
619937713
1111402226
118204401
1231770605
1103861214
1115911177
33971256
1207451269
651921465
255052217
1082893710
59888847
163296291
8960747
645287191
262555749
407310031
801290279
178656096
559419074
1105947890
634267006
980139570
275011442
1159348960
368697852
819776299
592432113
969951899
958434398
601024910
585040416
380025278
33344244
724088781
165360495
583726602
657092144
1016943343
1252641611
47226978
556515112
1171835599
317821558
870632300
1268461452
474367086
106238020
326376425
367204688
623221983
1327241874
511979775
238208112
112597351
721810000
161083204
226107053
298832460
732131572
538305217
836713120
872438006
845935825
1285863140
479291094
463401530
973221971
996886473
124409133
166515173
788593969
23231774
678418951
222356837
51204313
616264236
152929780
436471097
1262514818
787736510
899356348
299433873
745390695
1118455677
496707632
1318965842
138729139
1030158438
975938518
196338565
510338499
916959093
86722432
247580964
563658540
992545904
1157563352
514986131
87394047
621007145
134251755
549970203
928851581
450565103
818119111
752110494
624657773
829404587
1095891036
637168123
163007677
1214753784
875176125
930983717
485401171
501390352
335691628
634380461
391709184
668957248
1143153474
688395177
584377827
647877778
633335884
78655793
424262263
273789114
1180859047
823838509
770638615
415668024
572602800
821097826
1246136304
606146889
816059910
257425970
166068864
826945755
507923668
966190605
87676283
91132807
131838950
749865096
1393354385
742439881
197483478
858826319
794707605
974295104
959028511
317231313
277257938
508313878
725580204
804468863
642848400
788070519
1199863379
100960439
866828709
927034234
912111462
623965902
757733604
638423287
1176977788
1230172373
289460193
646320250
901270452
223453771
405451961
308921667
712349567
620858965
641035045
1181564556
781745965
792067231
211662406
157869943
427824942
516707662
854639878
795040081
1202975926
110350718
872660144
137870414
957452382
173486715
788971707
287106275
546799739
256938937
620566288
950265439
208895770
829594923
595517590
716920701
918101823
605017240
1226430793
991106247
476012983
1323542262
221825342
41813341
2105148
524771052
55258705
618249469
254776285
291290854
1018407519
134585854
730782996
318530772
608794555
641665729
806224227
701360257
608673374
1000155391
565172838
1162265819
1025530562
30472336
242492580
653325483
28301674
1075143262
940775328
278995572
396555053
674895657
822647147
392725938
1351170628
353663228
1151542973
90892463
343206478
1050918744
895942057
180321510
39876012
17435414
487703959
637848357
577154830
1213460640
68081213
933391191
1368708118
107815536
463000757
186597111
352316260
938104555
1207086244
1352049255
100204929
183149894
305177076
1315195924
805696788
450916233
1380634137
625652132
827999756
123156018
255490668
150816989
144456495
687578806
166605167
748680667
1303875220
485718849
814241249
913961681
737913640
410848297
46240058
701809760
272523842
1365784646
766320890
659251878
577508334
1086010042
182581297
963926220
810471552
217785149
145852188
780006306
1146350316
344219408
1390189718
846442348
550275372
465890617
457483011
658214809
366626357
525080593
572528587
617699
116047539
301859194
434395538
1350195526
380332246
245307780
1316175551
715568570
547041521
1132509230
703928387
938832816
28153081
414674977
706215152
713745953
379305282
520987425
119167848
762692069
201446412
181599025
718184511
1316845367
1395742098
980089250
287792346
854265085
185848653
617231556
969544336
937764703
967448103
89345661
114614078
1246855944
603023286
72078426
67740328
640419261
745596579
472216765
147980582
59197007
527890350
328784545
494426067
905556710
436608515
1355178958
292380918
422442642
504313050
427210437
415882425
107964761
540706541
162598371
80579215
259541924
491628396
722735696
58969348
809864447
697885341
737610505
721679709
709325725
1261872683
481145096
216491661
7878849
98244817
451280817
117822988
1105620246
817163407
1160422572
1086163561
821563206
1163835930
130324986
569858424
759333318
404222436
799022457
185497253
1403991080
375858132
663713065
405534303
830982088
376006145
651608355
556072369
394225573
317327018
618036253
637152280
610439669
706684178
1009473019
576771312
254748820
1192777621
977900215
913104317
1006522362
164329536
66313403
804801462
712218012
782523513
526478440
451902299
926696587
813655298
521980512
421593441
626326075
379626618
411861710
927472558
808445143
487856215
1168181636
176743534
207839661
124923908
47596291
416621135
423267245
498684704
1023325478
375073659
413984939
940690190
1328474037
1260377658
582222356
109044930
225933221
322107663
58585008
1311551456
660062214
896450271
646745742
458704375
565373786
1404966737
838972145
693834321
401115008
515348165
107510454
159193243
639565970
713405762
654860258
292005259
539866096
363231657
303343964
1119432535
985567749
386972184
487453729
456270746
652274285
995037236
238239614
132827534
770197557
637486944
539003216
931819038
33506563
168947494
1117299398
683794991
113245098
57594424
600523686
501817378
572285643
674667031
118040735
463519156
948832095
354707018
842669223
547851266
1376821048
41503210
1331717956
1172205109
348315336
944160335
793146386
262031924
465604854
270880346
809295745
55592917
443132493
591243347
1132724469
440522415
1309743088
1307115865
483383945
239334605
833607974
391354128
571290321
223381039
869556076
833410891
538436708
32156446
160363189
695398468
495639059
286975909
571827489
1322723610
101334106
563203146
342747213
203693043
292704165
1045554388
741382109
195360058
404444636
239436708
391670973
59313583
516145476
233225995
577403301
874591990
744175243
531928594
207997537
168633669
228886206
258117167
1222748779
204320641
648585871
816798084
65010093
766014927
427565126
47784387
213227089
628438396
21566370
226785423
572519629
757454598
1408526497
139269014
361300030
468412996
653608264
761741563
529217319
137868875
166844594
74759784
300538993
724442344
800969109
927617548
1125773197
878334501
1198186927
831022130
345341952
995069944
704829179
63035027
754586511
1215526376
1271389872
926965088
501524330
242034806
472972741
305011071
68848049
795845157
489727756
256794554
364929473
630153640
1204442401
197083172
711562744
599506289
1256424718
109788251
638701537
987968077
847580585
1013331512
1147117130
1010999334
672882088
101203013
491137229
722198327
848006800
98588470
1074266435
17200719
525228518
487992100
220712548
1110951920
841861318
189128160
311175033
180818059
199809460
64433999
690632725
1119594226
930082802
1027481558
991978084
543388529
1359627746
1202692172
263442336
681543249
234576913
694349597
880280617
701219467
1334183777
338822963
1113285900
1066328143
1258946746
3815004
76720340
1022609100
71429611
1094713933
276590318
425999717
34158521
215890176
246847000
876280049
55084184
979021496
219424515
445105541
458135159
582067435
913554722
14695970
570956700
222742520
114322401
1154256726
749530090
34333291
204318694
847174263
32273434
303216694
351974482
572105363
185007278
696969964
975122767
99741907
252900919
934040256
67773669
1170444405
992915591
778778372
1342144971
734823136
587884342
514213024
319392274
776588426
855669259
223198141
17821023
391171590
494528013
281280742
174215849
765016055
368896094
765902830
156499588
998953893
420702649
84174788
876035226
509225739
117165599
73004349
536410512
871358124
389908520
133793374
810740804
130179801
532874312
838731664
373592335
539107562
336617996
41362667
1187182535
1198563661
475269832
889144149
514117257
584223329
169018426
545165261
294046658
927281021
453874171
599356331
747373410
68487640
862114624
557733392
209548181
555580085
185553062
13433811
126146502
641380593
859057217
957422893
723190786
832509702
43196096
616313000
261679077
1308914665
1024825003
873054178
967295817
749754763
1194476574
420058610
925668130
469175159
291656546
716102306
30642947
789780298
2465471
778677889
1032399457
58350368
1226552098
609900533
209918305
43097899
1199790641
546205065
1268966054
407660447
320384796
530594700
927847595
46370349
1230186781
456563130
37118135
1079523023
741981075
70664640
525569319
209614391
746996317
676996737
1357907221
815993850
1254291093
956250555
569205027
183300136
774643660
835112076
77926438
841737592
464402106
731020575
216617081
951843892
155521153
213504820
3373438
1159104076
371984540
856329191
139649064
740528088
286893506
880319265
1097665087
829448349
643608980
179825583
960705547
757359018
35121203
6973362
1152834333
283374737
363260817
1096695234
5671396
49910032
696838785
41080062
764712044
60357499
1349467411
306772757
156921924
1257250041
263704709
1164267069
669734560
126156697
950429385
165010421
512381894
881355286
114228797
1241830190
212945638
624357598
406054731
692483283
1280385078
1240643012
230734409
824420830
516839783
1194830046
524641014
458807658
720407361
575625229
358315935
1128377451
993227029
1370296014
1315757586
195561909
87409385
398626305
749199958
106999687
314127333
933012222
269343605
831687139
394892146
965415183
464938350
999768457
1255329328
28877704
591977275
923811591
654521310
540673716
815188830
700882140
1265130711
895812537
488915304
855954930
108874686
310415796
129971436
331522378
285959914
68677557
783868566
34184717
73168834
707596807
300033548
867698550
878744877
738027673
1231130760
1112142044
1372782567
88024945
69828116
492394405
431883956
196508979
1369870840
104002100
573497045
184117441
995045876
192797
205294567
570444959
800741596
601488983
50876474
428666586
349009440
829051085
460715413
1137480047
424070328
323382231
920137900
1231914181
221295233
808185447
769783146
922036027
901636460
598894894
1147967781
810270197
419651138
658822305
905583673
351831373
1110506420
730504629
133269787
813730418
937450382
429665387
431501472
819771572
653617638
677737406
147766357
603095805
1165915044
1112107754
285091028
928292296
904241632
470104436
677942367
575714068
1072632669
660771813
9967796
124725271
427484250
229719326
430798704
284352091
666705984
59282296
625982433
215459166
238325243
1305132417
603440025
100612065
482478746
828367046
314114205
661927333
1212733505
1319275638
240293468
499698578
514880865
1022804914
112429484
1253633727
791939534
139025699
419549839
1313346407
713989593
1093263022
211929654
679233696
276905349
789560069
719234655
1023377996
355060123
539976091
646686221
496271720
1016240240
460226343
207701581
446659203
509584593
153577179
935210293
648260830
447383000
537530259
305655206
60276712
202257105
931686832
120124070
896021787
1349849200
238576359
170594954
160654903
509709718
798573058
738986886
1396374468
78920730
511378316
870019348
1310835563
701308908
39383471
697640778
780021549
91392290
662987778
708109992
236124824
1110519881
400826704
130703317
823028862
513377426
116260478
1298775739
217206750
593686637
849093595
1193132884
663438059
363737203
870266735
1296624399
196488385
997614879
674879659
553941572
1011492559
724045275
162752146
4195787
194790260
75369295
972660685
987087806
625951041
282952923
384550273
500500453
740808305
1045971531
142987008
483465860
70195170
1239809116
133826527
155155484
934701080
633395058
269967728
786733343
968885334
954870522
936152712
59390137
1353864661
323972395
684559747
497944534
149613842
496867379
1102312804
241803159
500974058
48624606
1324865992
237529813
610762166
343394150
997312975
1389282160
314317159
1389838512
551254911
476434236
113015203
508504919
645178240
907573665
829980486
86748981
1206946267
1379065398
277940343
924637559
463640000
360698704
18193381
1307588994
172448848
797959349
134940530
885458440
994821623
549953968
271338396
345771244
444298089
1369184030
771427794
625370478
499227676
910012020
538015912
307928007
1027439323
77979985
882708131
1369707811
876928590
304348392
672531531
438921342
976658632
194521192
108278516
324302945
217170979
214857284
368993321
151781713
1157332498
1208742945
1361731008
1395222697
536771290
1130540000
455588552
30910568
175248285
747931844
853298186
199192118
362014883
31020039
185764749
253245717
861681980
351488681
714383735
485911837
722511281
142216016
880771656
1090116974
474251512
667070132
765827348
762555076
818667891
93811718
599472242
999340628
654274369
25694726
1295305810
1158640158
418584153
185145261
139742941
119759036
751913505
1037968694
794693623
472235241
1245185599
940792034
1026042802
1165827555
498692351
694286941
407296830
757854731
1320584280
83680998
784030188
136794883
981537091
551130321
150198735
309382665
863283182
291476792
250000514
750056832
509341551
860184575
63276884
411997590
30067121
543504510
674695825
508735125
851200791
522297551
946035863
657982572
825712302
161253346
149208273
790142572
357402899
229492482
782656778
347235612
850299531
317482475
82596473
47744578
227632571
354956386
670428688
388295956
1404511772
1370591176
415440801
445030373
85625547
1006860626
1309033752
574037955
1334845818
649079731
411233753
568885568
943857904
406233738
701730052
92327318
39409022
1322166635
149679613
1285677061
1395894884
225428410
775009729
1285310131
1249917819
576796769
1408348572
622212753
113759048
651753499
206240105
156422547
583423473
1162774312
443807209
727287486
899848730
360737194
507340370
794086921
1132173994
474224448
776469079
299823800
915064469
609678878
372150600
952715371
702174599
758560729
795312374
729496161
252989201
918580757
252570135
903259933
227455125
362291020
350472589
148235102
130670782
767960319
647435764
673691299
310960136
748081860
94319848
608050639
243854393
1188537037
782910432
116676441
793362016
967153641
64750141
488385979
8895182
665303110
416962679
595733608
118799866
1309967854
1106119984
337970998
261459252
636519326
1035914051
469788690
1307173625
52067065
1150928958
684350870
885899599
621411874
378185063
113825668
860113911
836708648
582286343
961579475
471500074
1038395081
261351395
880586887
293968228
159726263
652088269
558716352
657601728
997121085
454521348
968444799
140459608
139827753
1341504604
304066013
1238599961
898348042
533869610
1035194432
403438669
531007018
700809450
220623268
978744632
315951409
510476341
690467644
170977988
1246758
660229217
539129430
877959243
147376609
354106573
761366232
545092264
1141765903
878110640
376723961
242001011
208809135
557993747
714968079
1231514933
263077121
638852759
319456588
757849636
286977593
707975338
1339462793
759634017
499499110
321258624
1125124559
577133178
873686330
943036206
799030719
621498528
418913255
852777382
193294837
791051067
616121262
111658874
917029434
118085285
57335462
73138901
642849779
167842577
694066427
952124498
563347383
312811385
492802667
151180957
1024768632
145751252
341972979
583290676
277781193
140122860
339376871
173810060
1409703752
83428286
1337505461
1249712446
129432021
513108698
770262353
373565457
67457846
330675018
243432037
1252717737
794460396
642304793
405377383
864619576
573362674
33743586
858398409
658911321
592649343
596252174
467398615
1038872078
964896579
347611639
1057480967
565824680
1202294615
292382198
343880723
179930613
1310265087
55822921
720950050
21050932
953645684
804114049
57843437
63375981
47471252
372752983
884657990
244405507
30289926
895021962
350897070
955404516
524573359
921349037
285888466
986372774
481249072
227724541
872202964
303271383
1108437199
1389717940
286780008
266257392
265674352
256856165
296121522
604922158
551559305
237076615
1119596685
713511632
202370917
765454512
290509791
643893572
961560221
626583162
757163120
769998200
1225410537
823587441
833034460
460946416
245520261
572945607
367477095
114544087
949638626
970309336
233634685
314126332
385448887
1046862036
97041713
366654366
1271023206
607055309
676489286
186190686
517230831
289678410
1239210304
177263891
623887133
463967015
568061695
1403743839
940439285
730252812
1348768758
864775023
626697857
526699725
429442926
71695054
634519836
154607340
98574366
626886358
354274639
408731773
141382702
1067676319
1085663377
175075014
115099236
61886564
1208506413
726951217
319870114
66682740
515354094
94895286
826684426
303460642
574714671
988774739
84476750
113298369
1260437508
304855514
377720910
105400099
213535615
619829366
1260062057
291857669
525765583
411448287
199759192
672710252
1053801363
593149500
398443377
947204652
116341222
721540590
758675417
853255659
691206007
145967664
1318849980
240999366
620029202
184557636
76163801
456344165
1310981772
759099853
10143326
919003456
1093946935
24491562
572000175
1191647175
572075816
263878098
872519791
491795668
495094716
273829975
281866936
478295123
103366378
31448787
951744669
784493902
260329757
441291849
446360510
1315102215
845401187
905084178
884639058
822352041
14408589
364940933
954844774
399513042
195599941
255898469
244017863
313130318
95687457
838200416
996227619
20291379
1184038340
704835332
988545499
72715232
289596132
306030907
510320515
1361227848
213528989
215042311
822274091
518289869
1251246332
35613170
62839271
1072582196
1265953382
931894799
785783494
149322440
234779474
147618599
318863504
613653130
195488044
885190724
762015972
833525203
119002224
1232212476
976944025
400252245
632637914
651387102
710973493
4038827
237542886
439421895
190121610
757049269
195627140
626257708
456151348
1080386085
756250323
579963448
157310475
222671713
629713799
256372506
1249834633
662167467
23027661
399784286
425521778
632514336
1105623851
587629289
1239450262
466965941
1177337534
227285589
825836267
205022793
1027850961
1059906063
601241027
872921991
965927507
373760355
266071392
299801244
760775007
614284512
620136567
1250277100
60746015
525152514
412358837
413348695
191328948
482299306
460539395
66413893
413037910
319677029
1177178358
399219000
257443232
1310850509
590087399
618863694
830146093
241534013
830923687
502734989
748486633
378509368
946198357
464501704
402989855
40240833
144092112
198070248
492821340
160934278
488815916
941015049
43381160
1182157963
1234019562
627155480
510037459
477841505
444658847
813218514
166762750
790450701
1203730605
1220079963
550384339
970576536
1033507988
1172470709
12079372
294287545
239761106
675488989
304831964
186414213
267081122
1100781094
514593449
594237404
766040242
566087411
736813197
208117681
36088152
857499764
1219020955
1406272880
1034801197
54059676
498131203
1154697040
156389297
920831643
866498389
375310901
132964580
1077961847
850621984
836686396
26676091
41145074
288624717
1328150929
760942976
472602953
534420684
701340742
1332258049
195285007
632732403
1090149758
934971137
722486876
222571844
362649753
450266193
952039204
577020588
832282733
939850885
90193900
310694015
509842348
95291642
771720328
358933318
1389959653
966963355
826779956
664121665
428183888
75024715
1116821894
224060064
774160985
587803480
538157935
302600367
534718908
295095384
119723202
779436477
501019973
1284316607
854077496
732370412
545242283
176015328
495560569
55006610
1134086914
1160314474
410070438
329295679
190444195
913808883
368887396
116302135
888507276
63485020
309900362
684078725
426459017
575436657
896084348
925451482
832499375
897820133
722681925
182737292
34781847
302121164
649524937
388514258
788211269
328987643
898984426
856754644
49432534
283595719
1214688086
283638217
210707113
844508341
1136778016
467517898
1232057500
54077981
276316684
1044320270
403603165
691695732
552104937
572317400
768622557
690550916
830627591
619552820
149747171
217818728
296971951
901511812
228475481
388278068
1407034513
191661817
384046730
529788232
850442718
805360252
1118250856
1104456054
497438990
240594834
457380894
67658198
554735363
2925699
918338447
539084421
23580612
320759439
1042564814
64936138
975870404
75281226
428518660
817178323
872271353
162190412
112093031
774175326
617017164
551260549
195489655
480529438
330201818
484661857
502109284
149791312
309991448
398584612
124540302
419515156
388574484
440783948
888349423
241124093
1347317439
239282479
889872277
403718013
825783281
264410367
1295136815
530447842
216724644
1203738786
819293768
687062305
838412544
981680389
457940615
141275512
196742021
161620027
134651563
32620571
898101118
596239077
632845354
375913905
909163757
614844091
950283447
1238152318
697972352
986166173
274203619
998455911
1236185804
756687558
777183619
864822860
437521278
481938224
517046799
765881682
874127176
358637892
113023521
284116985
1392802577
780992867
892691310
956095998
30917679
749004605
1194603586
102075162
894559688
689761257
891677495
151237907
287705665
1083744157
752913802
405112573
956387473
629861460
742797631
259177295
760351766
417833822
243646146
1298619267
1391973545
169687819
486535642
1232933047
1176398180
237998213
335160442
669235691
155587776
250312918
348048530
745322945
264178427
1314014271
737467402
138205112
437051052
329666823
361468038
261578868
657380262
926650250
25347547
866016806
14166156
510855920
582377982
1129762564
674308933
1104637672
647375721
159240469
958599460
1298637716
521716179
977130480
1133990618
275185624
50720805
148279357
910756106
258793823
310848759
140463562
838824357
708535783
446080644
373814649
81854732
346985284
1237341277
429886571
802300579
861610163
925719467
560178099
1126127297
1169689777
712615876
1014175274
102249429
630183818
681887387
310985151
334790938
419518026
196019831
790241084
1381732625
949951497
659167862
1227046506
298772986
767077015
435816558
192739733
1150959080
458350076
264296771
1390066608
946762742
903942327
548840387
507677961
681864625
719217153
818891734
249722805
39050232
305547246
60063933
592669219
647904101
794074509
297107834
758800886
65287293
1250830132
893353719
1379975747
1320960030
814423418
293440816
111417395
780797604
820933953
9183963
1296144474
115410525
640946552
928305000
333342584
793003660
57729008
275527877
17870483
735881793
133432548
725602018
331853206
465687078
932203349
908923401
369725803
829926734
711906020
119988802
477930789
94035860
155421128
101100804
906905497
753661434
686330216
1158057054
620424048
955873559
482464607
966660127
1196105474
1195582528
446847887
328014958
796708238
757976255
41801572
1227525899
317758077
189799708
754836757
977452178
641813156
901294678
1099690212
212595129
1119573800
45671002
763413134
1011039353
845287750
787160974
492552737
304815775
417037917
609172932
377313652
61494192
1399013446
383680792
717502204
985295604
773956284
394499146
616966043
214702968
1350240149
428510024
1066066825
1112183702
942846136
1083162808
77796827
199257086
1315739180
132146212
587944701
417751209
616333750
276062347
537675076
135077613
39398900
68984372
79296475
594457128
83722904
1050500236
734136422
1173640943
723815471
955251557
633163342
696136571
119086440
366898275
185567603
780309595
197100317
390349469
98867663
1062698827
457611373
35061799
221059120
599699786
556299282
435243797
171896410
288082506
221646442
1104716307
722699498
971937393
639831230
211988940
909088731
876999992
999199178
716143345
451592001
243852377
750158967
312845997
895469206
526784443
876279996
78875992
478782524
471997500
1237516814
1040598708
360993328
191953710
533639367
447469600
248123215
965818248
316518960
942027550
226244601
1141541146
1029757203
172939936
934944476
965186812
960890642
809143284
191940132
59713465
704207028
440649476
100602857
1271152564
1091852364
52329622
1276972190
983325996
202275679
497823787
641001584
554959279
866222945
814039416
522444272
340936640
822819572
1119080865
442943288
763520625
55406876
109834974
478691813
63248070
1403828997
527133986
483469778
553696954
1349382876
1359263710
223972649
505639794
175560302
1029762157
654898070
204674775
207089292
1186733658
73268836
727130680
475009607
727153483
409519137
440051384
643747802
244807120
184000943
20049677
220729244
547367360
525186912
957239381
1388404550
75627921
779213177
533551514
546549826
1235673714
131009491
572788209
866015206
1267898365
289915398
406962985
69227443
171242621
471819803
251373067
359118405
1112742560
947701862
778623939
800962228
898238545
77773201
848680902
354013755
893292812
1261977481
768449250
760451311
724056021
837063034
768686925
1264597753
721290090
822841014
556297638
1240040244
60644309
221234980
708491771
17175508
45266375
307837872
608265863
729081771
276565155
405080966
453574901
1320178552
1324838553
891078409
250821637
714167189
41475689
326607536
144989475
593498680
575440340
486482750
1273489783
864915877
1066402817
1332403764
791782404
1108019473
971081891
762448789
476968599
379938839
180876619
430810339
35671079
166151242
505987051
613018579
517016625
231050383
891582740
317741808
1061069150
1129718335
350794721
154879906
1026307326
732214785
178208673
226505
760208955
540608971
350784377
1300314578
410252624
77653396
713301431
555441335
1048326626
917417630
427680680
17876109
556995359
516151716
679813410
858978061
51589243
504165938
185231585
481444272
177925302
820655112
614862270
50451302
252020135
138585104
1378180474
571268143
523925966
682969306
764642517
764827761
328099464
1094468315
1352278553
921983818
951301148
323092120
53508281
1256693363
38164421
287769780
72050410
370275712
170782165
629356076
394443908
149280582
743320948
510604077
361280390
616334109
613671801
574762923
154214462
626184069
1241998856
1317052309
937668065
613148708
976212316
37857441
1387094334
267475292
573656131
868961889
1325103229
1143855762
866604916
544026668
361424348
1228565546
1005154900
261621320
149205832
257981253
61986170
78429251
1066305071
571357956
812896636
1079090188
527038256
634624054
680275617
65446522
8043584
137669121
938251446
631580620
196902094
182124860
721455484
970179995
561187616
863371982
226319319
862841783
478541558
293414721
796323544
929214205
272377453
91651668
1037649972
215466448
85493019
199496810
476646935
1276556444
69300417
8141921
584632373
467224644
218809486
248757523
77165903
317655463
49237160
949588941
559060294
397452421
1049530944
682455185
806900410
1272904882
602124918
604214137
233209278
215010833
1024487562
1018174686
815008287
104681719
708056274
823335538
848676805
707854862
434755118
1335740016
816592349
542749367
875425896
484306683
761740525
463775414
130484156
266175426
496079198
315430789
686601755
27110832
690397092
514139291
593838422
721791746
215303943
940812673
685936452
601334991
1060802908
761646520
535349216
466581267
1248762550
482750475
1269740908
428901633
598977749
1020258975
959229052
422407177
702899031
367197444
1202537197
651890659
519225315
925712843
230982768
1133570313
647700402
236879033
664004733
23387141
72055532
42192042
264442199
405340838
754025880
606925031
666561775
337001609
25502523
49217368
993199349
487047000
65613459
352764308
733790337
1175751658
175975678
874807664
1127656850
1386120578
432199215
665411946
671741922
714535701
400951272
654102569
390914167
394489281
1035519809
94492010
521782315
970063448
372074473
520534222
440554106
287586267
174928326
346925274
125190691
418643133
34749685
470066815
949974316
311678427
615606101
506727986
1225204329
739149148
890214657
292323898
1154648434
982263937
537352861
638263523
1278114675
79732142
398683626
840906283
967486416
981005343
533389752
276808710
741873581
524345274
659368799
271077074
1248306435
84384860
20165315
579299403
370429976
583581456
123465934
592627452
623622607
605632121
716618446
1093995139
289141071
525838425
1115589659
960051851
992296363
533910709
712504804
341869395
465787183
611531084
1370319801
234131472
676323354
402279808
385044510
610826622
495277618
998296717
774515447
551013618
1276327162
412690394
1000260072
419715993
257396851
555533041
391214613
438783449
141886016
945747773
558177824
674771186
594468139
309467452
118594380
580733209
510084921
378997531
726752049
31676031
657442627
169584676
985624030
272251174
1142484211
1255092713
397992797
49254723
102917054
386528317
30984084
140356263
647183604
380442941
434796035
476689338
370722931
314290990
24999102
14068938
773856512
397841227
948609247
117534840
671213691
502744694
163301842
187579665
326418574
196838961
907677752
1001854622
1000284214
42343792
403443861
548968684
446353241
212999720
937131288
639959589
628575458
158432387
410413387
408793275
1137796128
616808949
391867279
241446526
631335114
679770742
145820048
273718549
161980055
68056581
448179405
152898792
982152157
320877351
1038504120
736544453
101065359
676992796
786354083
994900998
147496419
945164621
72994770
631044347
299193065
330141883
717985409
399749505
603412431
1311151424
754002463
665682554
535666214
452267608
1210752948
368825802
167707834
687397922
913931430
480011666
954508341
80799336
955753723
386535349
226617581
704218366
663098534
1218981242
769697593
807145469
577766711
969313693
833581592
289563328
56306555
22527298
351041159
1062679797
507996749
1292034160
422768840
234079722
463346560
40160455
691843839
599607322
115818902
580773964
1149480263
268961063
95453124
590544206
1085035302
983336895
317417619
578742349
1003976064
946564280
609512925
545960398
737878249
319575644
1364246310
663335680
233856632
1135956299
1047279419
730754619
111555003
446359412
431516777
712064624
75834944
793224552
1389741005
581742877
396466821
706937634
1316456713
640794348
943985233
152755365
52508791
650566197
1147807105
262805344
325382504
952560712
81372886
865476656
815196859
889559917
421946195
707887146
764285483
96326753
208870965
87221923
125565463
460998957
482148119
348066911
1125786875
825216690
1392770080
476990786
252986786
797164974
773080274
1409330282
207790547
681844321
463885830
402250620
500191953
252740410
740724887
569185666
1146243557
919396867
177008681
448494835
411000494
960327146
1256714254
499235929
37636149
213356969
1020878605
328647412
527509452
26621018
726251734
1222599780
74112532
875681972
1030260071
400396334
582983060
416213447
154655427
1249773698
124863420
921480730
736009055
798615719
93857168
184146498
941341784
1107527836
596511658
300739212
311459406
474659587
675479969
939622738
78459457
865303982
1260493375
730706515
241434803
1162433295
708941096
948050362
624014287
981854878
739430787
182835951
455940883
851991217
1171413867
803248368
12982894
258832063
437020427
520198908
640666179
333375194
88028122
441519020
91131623
1353048527
1288878228
772748404
369341396
232136379
803148898
997706016
300766271
890898142
345899744
724860980
620883140
479312175
441664795
884275724
902649063
2756669
502777546
983738361
879348018
1022244736
411263278
689336151
1361494896
759187821
31658314
585793999
777017971
21058709
496186141
4122111
679475745
798599645
967712835
220146573
959133964
140156164
1226749476
223175404
648139788
433239207
894817474
1085581142
686927131
412968748
1234114167
192238765
875370167
91038086
416129381
1239109117
918630194
569034696
505581983
691611463
391020073
1201347959
1399870594
725424624
59972774
704690207
112182329
40490874
687930573
386913728
1016387250
57858179
1388601118
445787125
441200152
322458669
457105798
302658007
92978208
1134534005
363879813
428686535
688698220
1062082242
500305168
1140116325
50216891
888412382
684129482
612316041
120104860
880620256
300907094
758925266
368561715
901156669
336275186
319263948
762703351
294823916
669780411
303112012
1128012678
338692448
121425673
318385373
149617251
920235000
179875739
363544168
368238808
315959170
48686584
1199431852
529836032
391732582
209122170
491422161
230479990
161940344
737409165
1355574263
476411982
586631830
163095436
1268595942
163826276
601125564
327691157
938296783
51675293
578338676
487860561
172914037
65623139
1142957673
943632262
440735863
56719799
1395844527
1108188320
474374665
1037196263
1255584810
428218168
553299676
356299901
1400741969
931126446
590680641
863546951
496524278
546012027
226439396
1295218857
1221759856
760793069
332214660
800996173
1226830460
1392191998
604370640
653673819
907709357
981373755
991702976
1071483917
1257629793
1000971410
1063232453
390416490
723278002
61667244
447539221
1346922528
596604328
529173555
529754166
342747611
356268556
815731308
1293928180
1218554581
1294386538
524509816
696145298
999929458
475035930
372380250
674815953
221676150
1353388215
1087898944
107259258
371000632
818931036
168321545
643275418
610539403
828011603
856145469
106429299
375181014
1300052321
306115610
545569335
254300371
863645832
276072422
935043426
349221433
715681858
737723175
661829815
376784676
908076607
894278182
629030516
554007534
1146282226
93894328
526096840
146023548
438953139
944621984
823057949
405886285
913426471
837292398
891904029
203455080
606875062
656288020
871982355
640418120
864744594
64495620
828924723
69039068
432527312
546065793
1022210956
609075672
520732651
302070600
622349798
862788290
1323255874
668171946
353004842
585014181
163393012
347376915
581812523
298038060
126754103
460192950
21472683
758056734
20642238
515175416
270047202
1335865114
531136915
790890440
1155346730
449501657
176045014
222445153
482885853
322473473
865784013
667888735
89072768
380976392
355868571
262520354
688256461
165872103
326236152
94328064
258382498
881947213
566479893
466469633
107959251
928391040
1320790971
662914551
1070606602
352349955
192122511
698883468
932718750
848633881
504634060
156103901
22699383
132712736
638081802
703657966
858799089
223118636
1114552509
341880758
805341219
901520926
895304573
749728480
1317204480
411869933
898790202
431802547
353526586
658771556
1315802071
267678983
1052527486
620857370
140218738
482275886
951951989
319410623
1097010418
91023151
604791364
1309703394
507272213
543836790
728087478
22235892
866745623
1231264013
68953901
462647315
291528793
719262620
534527234
822397333
1174615430
927959658
1130574393
89823264
865952989
263767277
244034630


394661113
817214267
299463535
1021607169
290611610
1053816214
1361155158
797540548
624034730
1328255080
633228510
724652597
638757835
752311552
128692731
42379452
254340212
789933981
737867304
39466111